,id,asp,ele,slp,svf,lon,lat,surfRough,tz,name
0,1,40,1884,29,0.940,6.988,46.484,0.002,0,ALI1
1,2,100,1686,17,0.960,6.994,46.490,0.002,0,ALI2
2,3,348,1800,51,0.800,9.137,47.171,0.002,0,AMD1
3,4,211,1692,24,0.940,9.148,47.172,0.002,0,AMD2
4,5,10,2822,31,0.930,7.588,46.152,0.002,0,ANV1
5,6,144,2661,7,0.980,7.536,46.190,0.002,0,ANV2
6,7,199,2623,19,0.910,7.657,46.122,0.002,0,ANV3
7,8,9,3159,47,0.810,7.436,46.037,0.002,0,ARO1
8,9,173,2872,11,0.930,7.447,46.030,0.002,0,ARO2
9,10,210,2619,9,0.900,7.563,46.089,0.002,0,ARO3
10,11,105,1908,21,0.910,9.011,47.057,0.002,0,AUE2
11,12,41,2851,27,0.940,8.521,46.540,0.002,0,BED1
12,13,160,2475,22,0.920,8.512,46.535,0.002,0,BED2
13,14,356,2056,21,0.920,8.523,46.492,0.002,0,BED3
14,15,213,2566,14,0.940,7.975,46.396,0.002,0,BEL2
15,16,44,2817,38,0.860,10.025,46.433,0.002,0,BER1
16,17,213,2467,14,0.950,10.031,46.422,0.002,0,BER2
17,18,139,2630,15,0.970,9.917,46.442,0.002,0,BER3
18,19,31,2411,37,0.840,9.855,46.550,0.002,0,BEV1
19,20,60,2503,6,0.960,9.838,46.541,0.002,0,BEV2
20,21,352,2219,25,0.890,8.269,46.375,0.002,0,BIN2
21,22,342,2604,30,0.920,8.461,46.330,0.002,0,BOG1
22,23,92,2293,9,0.920,8.473,46.335,0.002,0,BOG2
23,24,8,1986,50,0.740,8.492,46.307,0.002,0,BOG3
24,25,245,2530,13,0.950,8.110,46.292,0.002,0,BOR2
25,26,38,3130,34,0.910,7.241,45.996,0.002,0,BOV1
26,27,236,2696,8,0.940,7.238,45.986,0.002,0,BOV2
27,28,338,2603,18,0.980,8.702,46.484,0.002,0,CAM1
28,29,265,2239,14,0.920,8.719,46.467,0.002,0,CAM2
29,30,32,2110,38,0.880,8.710,46.489,0.002,0,CAM3
30,31,16,2382,36,0.910,7.153,46.384,0.002,0,CHA1
31,32,94,2196,15,0.980,7.165,46.378,0.002,0,CHA2
32,33,170,2245,13,0.950,7.275,46.291,0.002,0,CON2
33,34,157,1479,11,0.990,7.032,47.118,0.002,0,CSL2
34,35,30,2769,27,0.940,9.816,46.690,0.002,0,DAV1
35,36,197,2584,11,0.940,9.821,46.700,0.002,0,DAV2
36,37,186,2468,15,0.970,9.775,46.790,0.002,0,DAV3
37,38,108,2332,11,0.990,9.786,46.785,0.002,0,DAV4
38,39,40,2250,19,0.950,9.791,46.793,0.002,0,DAV5
39,40,3,2254,44,0.780,8.867,46.549,0.002,0,DTR1
40,41,161,2065,12,0.940,8.870,46.544,0.002,0,DTR2
41,42,38,3002,38,0.890,9.710,46.583,0.002,0,ELA1
42,43,89,2765,3,0.980,9.716,46.593,0.002,0,ELA2
43,44,316,2315,19,0.960,9.771,46.604,0.002,0,ELA3
44,45,72,2341,20,0.940,9.122,46.933,0.002,0,ELM1
45,46,118,2033,24,0.940,9.138,46.937,0.002,0,ELM2
46,47,69,2209,27,0.940,7.641,46.536,0.002,0,ELS1
47,48,115,2149,18,0.960,7.643,46.531,0.002,0,ELS2
48,49,19,2597,47,0.830,7.490,46.498,0.002,0,FAE1
49,50,210,1998,10,0.950,7.496,46.522,0.002,0,FAE2
50,51,206,2155,13,0.930,8.065,46.670,0.002,0,FIR2
51,52,297,2148,18,0.950,7.675,46.473,0.002,0,FIS2
52,53,123,2440,13,0.960,8.423,46.579,0.002,0,FKA2
53,54,305,2391,25,0.890,9.948,46.754,0.002,0,FLU2
54,55,330,2679,26,0.940,6.971,46.122,0.002,0,FNH1
55,56,35,2243,7,0.940,6.965,46.102,0.002,0,FNH2
56,57,353,3215,47,0.830,7.057,45.993,0.002,0,FOU1
57,58,335,2754,22,0.930,7.068,45.973,0.002,0,FOU2
58,59,260,2130,24,0.920,8.854,46.339,0.002,0,FRA2
59,60,151,2226,37,0.880,8.819,46.353,0.002,0,FRA3
60,61,60,2781,40,0.880,7.114,46.180,0.002,0,FUL1
61,62,286,2609,7,0.930,7.091,46.196,0.002,0,FUL2
62,63,78,2376,13,0.980,8.622,46.438,0.002,0,FUS2
63,64,341,1950,42,0.690,8.399,46.745,0.002,0,GAD2
64,65,28,3092,36,0.870,7.767,46.441,0.002,0,GAN1
65,66,127,2708,14,0.960,7.762,46.431,0.002,0,GAN2
66,67,105,2834,43,0.870,9.000,47.000,0.002,0,GLA1
67,68,219,1651,8,0.950,9.039,46.998,0.002,0,GLA2
68,69,16,2610,36,0.890,8.243,46.423,0.002,0,GOM1
69,70,298,2453,14,0.970,8.234,46.422,0.002,0,GOM2
70,71,75,2385,17,0.950,8.230,46.490,0.002,0,GOM3
71,72,5,2081,48,0.830,6.814,46.354,0.002,0,GRA1
72,73,64,1976,19,0.970,6.784,46.347,0.002,0,GRA2
73,74,1,2390,35,0.900,8.279,46.694,0.002,0,GUT1
74,75,265,2146,23,0.930,8.291,46.681,0.002,0,GUT2
75,76,6,2278,9,0.990,9.306,47.155,0.002,0,HIN1
76,77,22,2941,21,0.970,9.155,46.535,0.002,0,HTR1
77,78,185,2194,23,0.930,9.206,46.546,0.002,0,HTR2
78,79,258,2238,21,0.940,9.350,46.538,0.002,0,HTR3
79,80,66,2228,28,0.940,6.817,46.192,0.002,0,ILI1
80,81,18,1990,14,0.970,6.829,46.193,0.002,0,ILI2
81,82,57,1953,43,0.860,7.270,46.631,0.002,0,JAU1
82,83,212,1753,23,0.870,7.275,46.634,0.002,0,JAU2
83,84,74,2690,40,0.840,9.704,46.484,0.002,0,JUL1
84,85,164,2431,6,0.940,9.694,46.480,0.002,0,JUL2
85,86,38,2994,45,0.850,9.902,46.630,0.002,0,KES1
86,87,227,2786,28,0.880,9.899,46.623,0.002,0,KES2
87,88,78,2431,19,0.920,9.870,46.922,0.002,0,KLO1
88,89,215,2159,11,0.970,9.875,46.910,0.002,0,KLO2
89,90,354,2241,40,0.850,9.933,46.843,0.002,0,KLO3
90,91,58,3020,25,0.950,9.734,46.450,0.002,0,LAG1
91,92,125,2712,21,0.930,9.746,46.453,0.002,0,LAG2
92,93,201,2323,10,0.940,9.699,46.426,0.002,0,LAG3
93,94,87,2360,41,0.880,7.355,46.441,0.002,0,LAU1
94,95,108,1962,10,0.980,7.381,46.427,0.002,0,LAU2
95,96,217,2472,21,0.950,10.114,46.786,0.002,0,LAV1
96,97,213,2206,25,0.910,7.945,46.584,0.002,0,LHO2
97,98,289,2194,32,0.910,7.944,46.591,0.002,0,LHO3
98,99,97,2925,43,0.850,8.788,46.613,0.002,0,LUK1
99,100,179,2627,35,0.880,8.785,46.605,0.002,0,LUK2
100,101,56,2342,22,0.940,8.863,46.733,0.002,0,LUM2
101,102,360,2287,24,0.960,7.939,46.619,0.002,0,MAN1
102,103,208,2262,21,0.920,8.552,46.745,0.002,0,MEI2
103,104,0,2619,16,0.980,9.157,46.419,0.002,0,MES1
104,105,26,2366,5,0.930,9.161,46.415,0.002,0,MES2
105,106,62,2064,30,0.920,9.625,47.088,0.002,0,MLB1
106,107,37,1858,35,0.860,9.613,47.090,0.002,0,MLB2
107,108,106,2836,38,0.880,7.918,46.345,0.002,0,MUN1
108,109,139,2217,9,0.970,7.926,46.334,0.002,0,MUN2
109,110,351,2204,46,0.840,8.788,46.941,0.002,0,MUO1
110,111,259,2115,18,0.950,8.747,46.940,0.002,0,MUO2
111,112,111,3002,44,0.850,9.046,46.865,0.002,0,MUT1
112,113,92,2480,2,0.960,9.019,46.860,0.002,0,MUT2
113,114,66,2190,34,0.900,8.868,46.466,0.002,0,NAR1
114,115,135,2079,12,0.970,8.870,46.474,0.002,0,NAR2
115,116,61,2643,20,0.970,7.355,46.144,0.002,0,NEN1
116,117,348,2186,16,0.960,7.336,46.144,0.002,0,NEN3
117,118,49,2044,28,0.920,7.215,46.423,0.002,0,OBM2
118,119,349,2681,9,0.990,8.309,46.551,0.002,0,OBW1
119,120,135,2459,14,0.980,8.317,46.546,0.002,0,OBW2
120,121,263,2207,17,0.960,8.356,46.509,0.002,0,OBW3
121,122,337,2857,34,0.910,10.308,46.606,0.002,0,OFE1
122,123,16,2316,32,0.880,10.290,46.633,0.002,0,OFE2
123,124,173,1839,22,0.920,8.960,46.919,0.002,0,ORT2
124,125,221,2036,16,0.930,7.563,46.541,0.002,0,OTT2
125,126,335,2294,8,0.990,9.806,46.853,0.002,0,PAR2
126,127,326,2001,18,0.970,7.252,46.428,0.002,0,PLD2
127,128,48,2320,36,0.860,8.858,46.625,0.002,0,PUZ1
128,129,46,2170,6,0.930,8.864,46.628,0.002,0,PUZ2
129,130,140,1264,28,0.770,8.972,47.032,0.002,0,RGS3
130,131,267,2386,21,0.930,8.628,46.687,0.002,0,RNZ2
131,132,348,2220,31,0.920,8.048,46.788,0.002,0,ROA1
132,133,140,1881,23,0.950,7.995,46.776,0.002,0,ROA2
133,134,193,1763,26,0.930,8.059,46.781,0.002,0,ROA3
134,135,220,2509,9,0.930,9.606,46.734,0.002,0,ROT3
135,136,38,3106,39,0.890,7.862,46.168,0.002,0,SAA1
136,137,157,2492,25,0.850,7.880,46.173,0.002,0,SAA2
137,138,258,2962,15,0.950,7.982,46.129,0.002,0,SAA3
138,139,62,2680,8,0.960,7.907,46.126,0.002,0,SAA4
139,140,27,3083,42,0.870,8.733,46.809,0.002,0,SCA1
140,141,204,2039,10,0.850,8.718,46.814,0.002,0,SCA2
141,142,250,2350,17,0.950,8.781,46.893,0.002,0,SCA3
142,143,91,1754,13,0.960,8.104,46.781,0.002,0,SCB2
143,144,28,2871,34,0.910,7.836,46.559,0.002,0,SCH1
144,145,176,2373,12,0.920,7.836,46.578,0.002,0,SCH2
145,146,314,2389,35,0.910,9.982,47.061,0.002,0,SEN1
146,147,68,2197,23,0.930,9.976,47.068,0.002,0,SEN2
147,148,88,2227,16,0.960,9.975,47.069,0.002,0,SEN3
148,149,139,1853,4,0.990,7.813,46.750,0.002,0,SHE2
149,150,333,2496,30,0.930,8.973,46.464,0.002,0,SIM1
150,151,206,2463,10,0.970,8.982,46.469,0.002,0,SIM2
151,152,329,1561,2,0.940,9.850,46.814,0.002,0,SLF2
152,153,62,2502,11,0.960,10.340,46.958,0.002,0,SMN2
153,154,69,2877,43,0.820,8.082,46.220,0.002,0,SPN1
154,155,237,2647,15,0.920,8.119,46.231,0.002,0,SPN2
155,156,299,2407,18,0.900,8.046,46.179,0.002,0,SPN3
156,157,17,1923,56,0.780,7.540,46.695,0.002,0,STH1
157,158,324,1785,14,0.960,7.521,46.683,0.002,0,STH2
158,159,165,2931,19,0.910,7.752,46.169,0.002,0,STN2
159,160,10,2551,38,0.880,7.929,46.553,0.002,0,SWM1
160,161,104,2607,43,0.870,9.401,46.969,0.002,0,TAM1
161,162,100,2443,7,0.940,9.392,46.970,0.002,0,TAM2
162,163,266,2250,29,0.880,9.459,46.892,0.002,0,TAM3
163,164,13,2961,41,0.860,7.582,46.385,0.002,0,TRU1
164,165,177,2479,11,0.940,7.587,46.372,0.002,0,TRU2
165,166,51,2810,53,0.770,8.696,46.685,0.002,0,TUJ1
166,167,131,2261,15,0.970,8.725,46.685,0.002,0,TUJ2
167,168,304,2204,21,0.950,8.741,46.648,0.002,0,TUJ3
168,169,48,2848,34,0.900,8.993,46.786,0.002,0,TUM1
169,170,138,2208,14,0.970,9.023,46.782,0.002,0,TUM2
170,171,279,2738,12,0.990,8.639,46.669,0.002,0,URS1
171,172,335,2141,18,0.940,8.515,46.588,0.002,0,URS2
172,173,61,2361,20,0.890,8.612,46.551,0.002,0,VAL1
173,174,138,2291,23,0.950,8.615,46.550,0.002,0,VAL2
174,175,304,2633,39,0.870,7.353,46.306,0.002,0,VDS1
175,176,98,2391,5,0.950,7.368,46.323,0.002,0,VDS2
176,177,31,2767,44,0.860,10.451,46.930,0.002,0,VIN1
177,178,88,2680,29,0.880,10.444,46.933,0.002,0,VIN2
178,179,67,3026,35,0.910,9.126,46.624,0.002,0,VLS1
179,180,266,2098,26,0.950,9.206,46.676,0.002,0,VLS2
180,181,30,1967,16,0.980,9.993,46.981,0.002,0,VST1
181,182,73,1922,12,0.970,9.993,46.984,0.002,0,VST2
182,183,319,1696,10,0.980,8.827,47.037,0.002,0,YBR2
183,184,335,3245,20,0.940,7.737,46.055,0.002,0,ZER1
184,185,228,2784,19,0.920,7.728,46.043,0.002,0,ZER2
185,186,25,2407,6,0.960,7.703,45.999,0.002,0,ZER4
186,187,325,2964,40,0.850,9.999,46.706,0.002,0,ZNZ1
187,188,356,2676,10,0.970,10.020,46.699,0.002,0,ZNZ2
188,189,157,2543,9,0.980,9.809,46.830,0.002,0,WFJ2
